,Model Type,Train RMSE,Cross-Val RMSE,Test RMSE,Train Accuracy,Test Accuracy,Normality of Residuals,company
0,Elastic Net,-7.2732380361587925,-9.950911998446337,-43.555778863118505,0.5122358175750834,0.4955555555555556,6.585342234483029e-24,MDT
1,SVR,-4.328486718026401,-80.09657899040397,-26.22523065823586,0.4810901001112347,0.4777777777777778,0.0,MDT
2,Ridge,7.209991956709475,-9.747775239267757,41.43470771654239,0.5100111234705228,0.4955555555555556,3.307312178382935e-26,MDT
0,Elastic Net,-2.607208813351152,-2.3998075066109585,-9.537705244093328,0.4983314794215795,0.5155555555555555,5.7610228249214615e-67,INTU
1,SVR,0.9977280397029965,-12.151939757520847,0.9898484078325333,0.5328142380422692,0.4911111111111111,3.694847883091812e-42,INTU
2,Ridge,2.52227162137409,-2.536498766433867,10.78924277904648,0.492769744160178,0.48444444444444446,4.999563874435174e-68,INTU
0,Elastic Net,-2.4462358050147186,-6.309482614545114,-13.260589874716864,0.5200222469410456,0.5111111111111111,0.000704417029483071,NLSN
1,SVR,-18.212979434010702,-18.994992722700317,-194.8711693458072,0.4844271412680756,0.5111111111111111,3.430642291511313e-282,NLSN
2,Ridge,2.3771415060518724,-6.126834754902977,13.861756355937466,0.5239154616240267,0.5111111111111111,0.08451564521149352,NLSN
0,Elastic Net,-1.5799868067837957,-2.2507981491148294,-7.254756403412945,0.5150166852057843,0.5,6.895745984337985e-09,HPQ
1,SVR,-815.6942559228768,-103.66872660695265,-43.80151906432023,0.5205784204671857,0.58,0.0,HPQ
2,Ridge,1.351548061964495,-2.1974449546542543,10.948729743672232,0.5066740823136818,0.49777777777777776,0.003557427928860837,HPQ
0,Elastic Net,-0.9134888426730582,-0.8283493833988731,-1.8679469403914177,0.5194660734149055,0.4777777777777778,9.562024751051008e-127,FN
1,SVR,0.9524321810700895,-0.9471771767350793,0.9823003413640328,0.4922135706340378,0.4666666666666667,2.692427270144388e-281,FN
2,Ridge,0.9098689019449248,-0.8365266135338636,2.0080360805047968,0.5294771968854283,0.4711111111111111,5.763725951701685e-128,FN
0,Elastic Net,-2.5413881711470983,-2.411159589572161,-8.194284867222507,0.5116796440489433,0.4622222222222222,1.2771088624302036e-77,TMO
1,SVR,0.9937147263824688,-6.872502834323393,0.9679659059484842,0.474972191323693,0.45111111111111113,5.445953576205069e-240,TMO
2,Ridge,2.4992791168352566,-2.392003824981569,10.092095490626557,0.5127919911012235,0.43333333333333335,1.4731737659037393e-72,TMO
0,Elastic Net,-20.80959404792309,-35.19655239248381,-68.40512361087055,0.5,0.5088888888888888,4.511184214655948e-16,FLT
1,SVR,-0.4125893093569539,-77.47684141689687,-26.431535923336806,0.4810901001112347,0.5,6.031784407873181e-14,FLT
2,Ridge,20.809018213189216,-47.08433221655284,68.70814476460514,0.4994438264738598,0.5155555555555555,4.727495266026749e-16,FLT
0,Elastic Net,-13.641657122492585,-16.414780792187134,-116.7525307391546,0.5247910863509749,0.4766146993318486,3.992013878616266e-83,KSU
1,SVR,-1.0129682184113604,-31.50927309364812,-4.047802080875607,0.4913649025069638,0.47216035634743875,6.591794056830657e-25,KSU
2,Ridge,17.35401358556704,-17.358897793540557,134.24085110383126,0.5203342618384401,0.47216035634743875,2.405978170045e-121,KSU
0,Elastic Net,-3.7397518492183095,-7.130273168509308,-22.999742769017413,0.5027808676307007,0.46,0.834452296704187,LYB
1,SVR,-1.7138621153681144,-13.686115342323877,-1.7681712815868837,0.5150166852057843,0.5266666666666666,0.04599170933275652,LYB
2,Ridge,3.7263368274292845,-6.632934540654906,22.612843158398416,0.5016685205784205,0.46444444444444444,0.8601858040395416,LYB
0,Elastic Net,-1.3176181415080754,-1.2022840052093304,-4.700353017042245,0.4849833147942158,0.4688888888888889,1.1238819877412887e-56,ODFL
1,SVR,0.9879909296242697,-5.84613385655979,0.9846911513523939,0.45661846496106784,0.4266666666666667,0.0,ODFL
2,Ridge,1.256662176399697,-1.2358329073814394,5.219194079047293,0.503337041156841,0.43333333333333335,2.3106596210713498e-60,ODFL
0,Elastic Net,-1.3240970178903393,-1.9203440419577116,-5.515862446640146,0.4955506117908788,0.4822222222222222,9.376269036018846e-10,CNP
1,SVR,-22.577769741199035,-18.369740370686568,-94.57002826855494,0.5205784204671857,0.5688888888888889,0.0,CNP
2,Ridge,1.2935759434520724,-1.917950556308235,5.702488331801348,0.4972191323692992,0.48444444444444446,2.5741050664493887e-06,CNP
0,Elastic Net,-3.156267948013926,-6.827939982213958,-9.88271916938911,0.5100111234705228,0.5177777777777778,1.5566015847791328e-11,HTLF
1,SVR,-0.7420811682367039,-9.928674579703543,-0.5614404892868343,0.492769744160178,0.5133333333333333,2.8628295816784217e-31,HTLF
2,Ridge,5.45171320680968,-6.258904943384925,18.47828459704666,0.5311457174638488,0.49333333333333335,0.00021961625705480263,HTLF
0,Elastic Net,-9.123456635777519,-14.72124512136834,-32.12826707184495,0.4988876529477197,0.5111111111111111,8.712332277884908e-22,WYNN
1,SVR,0.5176780783074448,-27.00013458998194,0.047564736955172604,0.492769744160178,0.5066666666666667,0.21046443733381043,WYNN
2,Ridge,8.383983860902092,-16.43984651045909,52.56876851829562,0.5027808676307007,0.5,1.2527751715589878e-07,WYNN
0,Elastic Net,-3.77908862372112,-6.217286229247909,-19.440802657044234,0.5027808676307007,0.4866666666666667,3.327652985267441e-17,WRB
1,SVR,-5.633595004452754,-13.479761937240301,-31.408468780011404,0.4694104560622914,0.4866666666666667,0.0,WRB
2,Ridge,3.6104072398356473,-5.2319361116594845,19.01890350972202,0.5044493882091212,0.48444444444444446,2.4698773375255563e-11,WRB
0,Elastic Net,-3.637590024090265,-4.873283804288926,-28.73753738149537,0.5116796440489433,0.4866666666666667,1.0457796225430403e-05,FCX
1,SVR,-316.7908454052109,-173.73864954298838,-88.99965590335256,0.4944382647385984,0.5222222222222223,3.093887937820707e-185,FCX
2,Ridge,3.120820902154278,-6.4919777171396,44.65324391747552,0.5155728587319244,0.4822222222222222,9.464102558239813e-15,FCX
0,Elastic Net,-0.7576826509571929,-1.62700207745889,-8.367635203412112,0.5261401557285873,0.5644444444444444,2.0564720325929937e-35,FE
1,SVR,0.08041564749538788,-5.61503458570169,-8.734714117395994,0.4916573971078977,0.5644444444444444,1.8390349644210156e-16,FE
2,Ridge,0.7222879680494303,-1.576619672884296,9.043851619974049,0.5216907675194661,0.5644444444444444,7.315146658314034e-28,FE
0,Elastic Net,-1.2955343285852146,-1.9789408217482471,-6.468208316685734,0.4916573971078977,0.4533333333333333,8.175972006488923e-25,DOV
1,SVR,0.24541022640659382,-11.670044608844202,0.37731335787570885,0.4699666295884316,0.44,1.145859396464439e-142,DOV
2,Ridge,1.281922591145461,-1.7631742830099142,6.382905751322813,0.4966629588431591,0.44222222222222224,1.0848755021609257e-25,DOV
0,Elastic Net,-6.11700797165795,-7.478085528041691,-25.82927723562869,0.5166852057842046,0.5177777777777778,8.85702689937016e-06,CB
1,SVR,-0.25773358185470174,-22.39123119191668,-2.3300746247378643,0.492769744160178,0.47333333333333333,5.72546342603241e-59,CB
2,Ridge,7.1560773197754,-7.910286091420472,43.632467742354706,0.5266963292547274,0.5155555555555555,0.5587675697096104,CB
0,Elastic Net,-4.739047171686107,-9.240535058866925,-21.29652144042202,0.5194660734149055,0.5022222222222222,0.0010024649774266624,CINF
1,SVR,-1.183396438680055,-17.250099966057046,-6.07663884921992,0.4632925472747497,0.48,1.6504354954300994e-80,CINF
2,Ridge,4.698579215028272,-8.880469574263515,21.070309406750642,0.5200222469410456,0.5155555555555555,0.023066643744719506,CINF
0,Elastic Net,-5.504626774070255,-7.575363170840134,-40.19950743588292,0.5083426028921023,0.49333333333333335,5.897111554345622e-11,ICE
1,SVR,-2.0020312196233103,-30.85555443421154,-26.640700359954163,0.4972191323692992,0.47555555555555556,6.04683536200806e-29,ICE
2,Ridge,5.443682180367978,-7.259787915788247,39.561351061024254,0.5072302558398221,0.4911111111111111,1.9273027426206249e-13,ICE
0,Elastic Net,-1.1371407880342568,-1.4859998541756636,-10.614579623739887,0.4955506117908788,0.5244444444444445,2.934465328096558e-05,IRM
1,SVR,-2.0431931744091183,-13.4206177581865,-2.1514060933205554,0.4855394883203559,0.5111111111111111,0.0,IRM
2,Ridge,1.1273498263860777,-1.5356839864519192,10.731775318817983,0.4944382647385984,0.5177777777777778,0.0001447153194513048,IRM
0,Elastic Net,-0.6503194709145756,-0.5400472193595384,-2.2476511917029955,0.5439377085650723,0.45111111111111113,3.945713795793434e-205,CPRT
1,SVR,0.5111911797938864,-11.027844316846531,-0.91321049921291,0.46273637374860954,0.44666666666666666,0.0,CPRT
2,Ridge,0.6463537580216024,-0.5579781546551992,2.498693932616114,0.5305895439377085,0.4488888888888889,3.3809102352524194e-191,CPRT
0,Elastic Net,-0.9076789459358791,-1.1872439743422603,-7.403677036309052,0.5200222469410456,0.6191536748329621,7.579677847002067e-54,SEGXF
1,SVR,-1.9631344197799527,-1.3432479819839742,-19.211040135091928,0.5189098998887653,0.6325167037861915,0.0,SEGXF
2,Ridge,0.967538042395908,-0.9613963317336942,8.33647919433418,0.4877641824249166,0.6191536748329621,1.1544020829379605e-91,SEGXF
0,Elastic Net,-4.305922593025234,-7.304259904080015,-15.73908337342148,0.5339265850945495,0.5111111111111111,1.0565145793940782e-07,ED
1,SVR,-2.3778187785179883,-37.08685277419019,-44.29372702726422,0.4844271412680756,0.4777777777777778,5.873607958917765e-108,ED
2,Ridge,4.285682275672501,-6.908057333071102,15.943835270459452,0.5350389321468298,0.5133333333333333,1.7609279947415446e-08,ED
0,Elastic Net,-1.5438418136673806,-1.4279339147599865,-2.4435861644521397,0.5183537263626251,0.4911111111111111,5.660382900687014e-81,EA
1,SVR,0.7539960355693598,-29.551547219145142,-6.287015473004763,0.492769744160178,0.4688888888888889,9.654504112722082e-31,EA
2,Ridge,1.5315335477081586,-1.4453850314978332,2.4232858236117276,0.5444938820912124,0.5377777777777778,1.544096834596915e-80,EA
0,Elastic Net,-0.9323364441400305,-1.2714192577597676,-4.598630849715611,0.4961067853170189,0.4822222222222222,3.664748516544223e-33,ABT
1,SVR,-6.321559603034374,-38.639113339495864,-18.026806167943995,0.5088987764182424,0.47555555555555556,2.2746163714316477e-225,ABT
2,Ridge,0.9221996417749893,-1.1733643112599612,4.998076311672382,0.503337041156841,0.47333333333333333,2.3580391787497887e-40,ABT
0,Elastic Net,-2.9815859488552676,-4.165519114749828,-15.749736162041243,0.5011123470522804,0.44222222222222224,0.005562954744450574,PNR
1,SVR,-4.1270098263960255,-9.787884799915588,0.46634328392634106,0.5244716351501668,0.5222222222222223,3.2412019738389427e-90,PNR
2,Ridge,4.2913543797725335,-4.9912674729811926,22.62089294405101,0.5055617352614016,0.4777777777777778,8.582273500215755e-10,PNR
0,Elastic Net,-3.213515945914242,-13.07909139981609,-8.153184249528682,0.5260115606936416,0.5517241379310345,0.010839627725383187,TW
1,SVR,-2.452990402252712,-27.84466704874768,-17.975519036325828,0.5057803468208093,0.4482758620689655,1.7581009630109467e-51,TW
2,Ridge,3.1366955556922735,-7.13536305242223,9.06911743634901,0.5202312138728323,0.5402298850574713,1.667637739074091e-05,TW
0,Elastic Net,-4.273442510477254,-8.190547480770771,-5.661116974246204,0.5444646098003629,0.4909090909090909,0.004135352726893069,SRG
1,SVR,0.25625381733418773,-12.726903867854926,-60.626303772362185,0.5190562613430127,0.4218181818181818,5.1765039426784806e-48,SRG
2,Ridge,3.202035375206556,-9.273317403701213,14.165786529490557,0.5217785843920145,0.5818181818181818,2.6365622560141134e-06,SRG
0,Elastic Net,-2.104818666585923,-2.831115012435616,-8.912683109190109,0.4994438264738598,0.48,0.011750925084393625,BXP
1,SVR,0.7305929154839917,-10.45956955255917,-0.20650848170656766,0.4949944382647386,0.5177777777777778,6.491583077018253e-20,BXP
2,Ridge,2.09508989978938,-2.889074760524393,9.067259552241612,0.4988876529477197,0.48,0.009759256066751118,BXP
0,Elastic Net,-18.425117703099268,-38.93875713716524,-119.36874784228405,0.5261401557285873,0.5177777777777778,4.3793474813096845e-30,MCK
1,SVR,-20.98802673495698,-75.80045500136822,-31.635774265609946,0.5233592880978866,0.5311111111111111,0.0,MCK
2,Ridge,30.131174411540048,-48.38663057973787,35.12543360229492,0.5127919911012235,0.4866666666666667,3.345014320580082e-14,MCK
0,Elastic Net,-1.0130804801885276,-1.3952431546403294,-7.188540549893543,0.5127919911012235,0.5266666666666666,2.3173505551726008e-23,MRK
1,SVR,-3.963586242520063,-77.34869936857453,-120.25731519373454,0.4966629588431591,0.5222222222222223,1.268563711853188e-157,MRK
2,Ridge,1.0020664202648264,-1.5344395369699044,7.1786696851578435,0.5116796440489433,0.5266666666666666,1.131899245164786e-20,MRK
0,Elastic Net,-0.7033811205767524,-0.5966840556155325,-3.117677281079455,0.4905450500556173,0.48444444444444446,5.463851760204385e-103,CDNS
1,SVR,0.8259217430393565,-9.736092723025754,-0.6511048423920034,0.4560622914349277,0.4266666666666667,1.3388400384109345e-45,CDNS
2,Ridge,0.6980641539668611,-0.6033646098543617,3.244470971081153,0.4988876529477197,0.45111111111111113,2.150591923351859e-98,CDNS
0,Elastic Net,-16.28675192813652,-22.215221940402245,-91.71446774247494,0.4916573971078977,0.49333333333333335,3.4328503943839357e-13,PH
1,SVR,-0.7895186432960732,-57.36068264911914,-3.5893178575547537,0.5050055617352615,0.4911111111111111,1.1694592881086227e-20,PH
2,Ridge,15.569840159498876,-23.105994386300143,101.26583050992357,0.4922135706340378,0.4866666666666667,0.0003227631434251389,PH
0,Elastic Net,-11.712612343313104,-16.560206413534587,-42.376041360547674,0.5255839822024472,0.4955555555555556,2.0996021625096552e-10,VMC
1,SVR,-0.627605393513085,-48.52118202928679,-7.117082410038137,0.4961067853170189,0.4866666666666667,1.3591849047731799e-06,VMC
2,Ridge,11.145977882284436,-17.185132462480002,37.00973604149162,0.5261401557285873,0.5022222222222222,1.3839035400755406e-19,VMC
0,Elastic Net,-1.6475948068201867,-1.6875410785430263,-9.109993714134928,0.4827586206896552,0.43777777777777777,4.7640075280981824e-61,ADP
1,SVR,0.7792540848067303,-13.706988060075826,-0.17515687675668157,0.45383759733036705,0.43777777777777777,1.477356701887582e-236,ADP
2,Ridge,1.6375526769065991,-1.721394717940414,9.425115548723335,0.4783092324805339,0.43777777777777777,7.418783454196058e-58,ADP
0,Elastic Net,-6.331814575984255,-10.897567209764826,-34.16200446391931,0.503337041156841,0.4866666666666667,1.1140584940871219e-31,TSN
1,SVR,-1.1211851885701791,-13.674446848344365,-3.531867158369014,0.4521690767519466,0.4822222222222222,0.0,TSN
2,Ridge,5.222326723135481,-10.590418231326252,26.894947811005906,0.5161290322580645,0.48,4.98315310644463e-13,TSN
0,Elastic Net,-2.611823939982367,-2.51204352703024,-7.830669966049487,0.5539488320355951,0.5066666666666667,3.408588810578955e-87,TYL
1,SVR,0.9976583021235913,-3.1605709430595477,0.9828524601525821,0.4833147942157953,0.4666666666666667,3.560186995446739e-72,TYL
2,Ridge,2.5928483324778613,-2.5698361648641095,8.533441627299803,0.5578420467185762,0.4666666666666667,1.0764748693720006e-84,TYL
0,Elastic Net,-1.7990076251919813,-3.6015961812121224,-16.036166472503105,0.5088987764182424,0.4688888888888889,0.005599504707913351,CF
1,SVR,-3.228723812463035,-21.507498785132924,-2.789414470883939,0.5183537263626251,0.5333333333333333,1.337854371812571e-81,CF
2,Ridge,1.7902478055567512,-2.751546637243804,16.490202637096957,0.5111234705228032,0.4688888888888889,0.001828197923764966,CF
0,Elastic Net,-2.164369799520885,-2.9703657019210787,-5.8948918815351155,0.5050055617352615,0.4955555555555556,0.0006842620625825526,ENS
1,SVR,0.886625117786136,-3.746604126607926,0.700220341356769,0.5083426028921023,0.5155555555555555,1.0780802916103762e-247,ENS
2,Ridge,1.8982496558012631,-3.0085973294281456,11.474841512962197,0.5111234705228032,0.4955555555555556,0.00011786749016504771,ENS
